d_f1 0.000000 0.000000 1.000000 b_f1 0.000000 0.000000 1.000000
d_f1 0.524029 0.355040 1.000000 b_f1 0.979090 0.959036 1.000000
d_f1 0.000000 0.000000 1.000000 b_f1 0.000000 0.000000 1.000000
d_f1 0.577342 0.477048 0.731034 b_f1 0.991781 0.985034 0.998621
d_f1 0.000000 0.000000 1.000000 b_f1 0.000000 0.000000 1.000000
d_f1 0.000000 0.000000 1.000000 b_f1 0.000000 0.000000 1.000000
d_f1 0.000000 0.000000 1.000000 b_f1 0.000000 0.000000 1.000000
d_f1 0.995000 0.990050 1.000000 b_f1 1.000000 1.000000 1.000000
d_f1 0.000000 0.000000 1.000000 b_f1 0.000000 0.000000 1.000000
d_f1 0.000000 0.000000 1.000000 b_f1 0.000000 0.000000 1.000000
d_f1 0.000000 0.000000 1.000000 b_f1 0.000000 0.000000 1.000000
d_f1 0.267990 0.188811 0.461538 b_f1 0.267990 0.188811 0.461538
d_f1 0.000000 0.000000 1.000000 b_f1 0.000000 0.000000 1.000000
d_f1 0.051427 0.026392 1.000000 b_f1 1.000000 1.000000 1.000000
d_f1 0.000000 0.000000 1.000000 b_f1 0.000000 0.000000 1.000000
d_f1 0.705882 0.750000 0.666667 b_f1 0.705882 0.750000 0.666667
d_f1 0.982456 0.965517 1.000000 b_f1 0.982456 0.965517 1.000000
d_f1 0.000000 0.000000 1.000000 b_f1 0.000000 0.000000 1.000000
d_f1 0.000000 0.000000 1.000000 b_f1 0.000000 0.000000 1.000000
d_f1 0.836364 0.718750 1.000000 b_f1 0.836364 0.718750 1.000000
d_f1 0.615385 0.444445 1.000000 b_f1 0.615385 0.444445 1.000000
d_f1 0.000000 0.000000 1.000000 b_f1 0.000000 0.000000 1.000000
d_f1 0.015579 0.007851 1.000000 b_f1 0.015579 0.007851 1.000000
d_f1 0.016681 0.008496 0.454545 b_f1 0.016681 0.008496 0.454545
d_f1 0.240000 0.157895 0.500000 b_f1 0.240000 0.157895 0.500000
d_f1 0.037209 0.019417 0.444444 b_f1 0.037209 0.019417 0.444444
d_f1 0.000000 0.000000 1.000000 b_f1 0.000000 0.000000 1.000000
d_f1 0.465116 0.909091 0.312500 b_f1 0.465116 0.909091 0.312500
d_f1 0.002019 0.001010 1.000000 b_f1 0.002019 0.001010 1.000000
d_f1 0.000000 0.000000 1.000000 b_f1 0.000000 0.000000 1.000000
d_f1 0.000000 0.000000 1.000000 b_f1 0.000000 0.000000 1.000000
d_f1 0.007503 0.003778 0.529412 b_f1 0.007503 0.003778 0.529412
d_f1 0.000000 0.000000 1.000000 b_f1 0.000000 0.000000 1.000000
d_f1 0.006026 0.003022 1.000000 b_f1 0.006026 0.003022 1.000000
d_f1 0.724832 0.701299 0.750000 b_f1 0.890511 0.938462 0.847222
d_f1 0.000000 0.000000 1.000000 b_f1 0.000000 0.000000 1.000000
d_f1 0.000000 0.000000 1.000000 b_f1 0.000000 0.000000 1.000000
d_f1 0.895522 0.882353 0.909091 b_f1 0.895522 0.882353 0.909091
d_f1 0.087719 0.045872 1.000000 b_f1 0.087719 0.045872 1.000000
d_f1 0.023601 0.011942 1.000000 b_f1 0.023601 0.011942 1.000000
d_f1 0.938389 1.000000 0.883929 b_f1 0.938389 1.000000 0.883929
d_f1 0.000001 0.000000 1.000000 b_f1 0.000001 0.000000 1.000000
d_f1 0.000000 0.000000 1.000000 b_f1 0.000000 0.000000 1.000000
d_f1 0.912000 0.838235 1.000000 b_f1 0.912000 0.838235 1.000000
d_f1 0.429825 0.597561 0.335616 b_f1 0.429825 0.597561 0.335616
d_f1 0.689956 0.908046 0.556338 b_f1 0.689956 0.908046 0.556338
d_f1 0.230303 0.826087 0.133803 b_f1 0.291139 0.264368 0.323944
d_f1 0.000000 0.000000 1.000000 b_f1 0.000000 0.000000 1.000000
d_f1 0.096774 0.214286 0.062500 b_f1 0.716418 0.558140 1.000000
d_f1 0.012021 0.006047 1.000000 b_f1 0.013359 0.006725 1.000000
d_f1 0.000000 0.000000 1.000000 b_f1 0.000000 0.000000 1.000000
d_f1 0.930233 1.000000 0.869565 b_f1 0.930233 1.000000 0.869565
d_f1 0.000000 0.000000 1.000000 b_f1 0.000000 0.000000 1.000000
d_f1 0.000000 0.000000 1.000000 b_f1 0.000000 0.000000 1.000000
d_f1 0.014510 0.007308 1.000000 b_f1 0.200803 0.111607 1.000000
d_f1 0.045049 0.023044 1.000000 b_f1 0.113744 0.060302 1.000000
d_f1 1.000000 1.000000 1.000000 b_f1 1.000000 1.000000 1.000000
d_f1 0.635514 0.971429 0.472222 b_f1 0.868217 0.982456 0.777778
d_f1 0.285714 0.231250 0.373737 b_f1 0.616822 0.445946 1.000000
d_f1 0.000000 0.000000 1.000000 b_f1 0.000000 0.000000 1.000000
d_f1 0.000000 0.000000 1.000000 b_f1 0.000000 0.000000 1.000000
d_f1 0.440367 0.558140 0.363636 b_f1 0.440367 0.558140 0.363636
d_f1 0.729927 0.840336 0.645161 b_f1 0.729927 0.840336 0.645161
d_f1 0.674797 0.638462 0.715517 b_f1 0.674797 0.638462 0.715517
d_f1 0.010957 0.005508 1.000000 b_f1 0.838710 0.722222 1.000000
d_f1 0.000001 0.000000 1.000000 b_f1 0.000001 0.000000 1.000000
d_f1 0.000000 0.000000 1.000000 b_f1 0.000000 0.000000 1.000000
d_f1 0.051157 0.026992 0.488372 b_f1 0.051157 0.026992 0.488372
d_f1 0.000000 0.000000 1.000000 b_f1 0.000000 0.000000 1.000000
d_f1 0.000000 0.000000 1.000000 b_f1 0.000000 0.000000 1.000000
d_f1 0.307692 0.533333 0.216216 b_f1 0.307692 0.533333 0.216216
d_f1 0.022809 0.011536 1.000000 b_f1 0.069767 0.036630 0.731707
d_f1 0.013072 0.006582 0.933333 b_f1 0.026014 0.013191 0.933333
d_f1 1.000000 1.000000 1.000000 b_f1 1.000000 1.000000 1.000000
d_f1 0.782609 0.642857 1.000000 b_f1 0.782609 0.642857 1.000000
d_f1 0.038196 0.019470 1.000000 b_f1 0.038196 0.019470 1.000000
d_f1 0.067979 0.036190 0.558824 b_f1 0.093557 0.049765 0.779412
d_f1 0.000000 0.000000 1.000000 b_f1 0.000000 0.000000 1.000000
d_f1 0.000002 0.000001 1.000000 b_f1 0.000002 0.000001 1.000000
d_f1 0.535714 0.400000 0.810811 b_f1 0.810811 0.810811 0.810811
d_f1 0.021915 0.011079 1.000000 b_f1 0.021978 0.011111 1.000000
d_f1 0.000000 0.000000 1.000000 b_f1 0.000000 0.000000 1.000000
d_f1 0.009816 0.004969 0.400000 b_f1 0.024361 0.012330 1.000000
d_f1 0.000000 0.000000 1.000000 b_f1 0.000000 0.000000 1.000000
d_f1 0.315789 0.642857 0.209302 b_f1 0.315789 0.642857 0.209302
d_f1 0.000000 0.000000 1.000000 b_f1 0.000000 0.000000 1.000000
d_f1 0.956522 0.916667 1.000000 b_f1 0.956522 0.916667 1.000000
d_f1 0.473684 0.480000 0.467532 b_f1 0.473684 0.480000 0.467532
d_f1 0.000000 0.000000 1.000000 b_f1 0.000000 0.000000 1.000000
d_f1 0.008679 0.004358 1.000000 b_f1 0.008679 0.004358 1.000000
d_f1 0.343750 0.733333 0.224490 b_f1 0.343750 0.733333 0.224490
d_f1 0.000001 0.000000 1.000000 b_f1 0.000001 0.000000 1.000000
d_f1 0.034384 0.017493 1.000000 b_f1 0.651163 0.736842 0.583333
d_f1 0.000000 0.000000 1.000000 b_f1 0.000000 0.000000 1.000000
d_f1 0.821429 0.920000 0.741935 b_f1 0.851852 1.000000 0.741935
d_f1 0.042003 0.022298 0.361111 b_f1 0.044905 0.023173 0.722222
d_f1 0.215768 0.144444 0.426230 b_f1 0.896552 0.945455 0.852459
d_f1 0.070796 0.500000 0.038095 b_f1 0.677291 0.582192 0.809524
d_f1 0.271186 0.216216 0.363636 b_f1 0.271186 0.216216 0.363636
d_f1 0.029391 0.014915 1.000000 b_f1 0.990476 0.981132 1.000000
d_f1 0.123457 0.065789 1.000000 b_f1 0.123457 0.065789 1.000000
d_f1 0.000000 0.000000 1.000000 b_f1 0.000000 0.000000 1.000000
d_f1 0.000000 0.000000 1.000000 b_f1 0.000000 0.000000 1.000000
d_f1 0.000000 0.000000 1.000000 b_f1 0.000000 0.000000 1.000000
d_f1 0.000000 0.000000 1.000000 b_f1 0.000000 0.000000 1.000000
d_f1 0.018284 0.009226 1.000000 b_f1 0.053115 0.027282 1.000000
d_f1 0.000000 0.000000 1.000000 b_f1 0.000000 0.000000 1.000000
d_f1 0.016918 0.008531 1.000000 b_f1 0.250000 0.142857 1.000000
d_f1 0.022378 0.011315 1.000000 b_f1 0.041322 0.021368 0.625000
d_f1 0.400000 0.571429 0.307692 b_f1 0.400000 0.571429 0.307692
d_f1 0.000000 0.000000 1.000000 b_f1 0.000000 0.000000 1.000000
d_f1 0.150000 0.375000 0.093750 b_f1 0.150000 0.375000 0.093750
d_f1 0.093385 0.214286 0.059701 b_f1 0.951407 0.978947 0.925373
d_f1 0.000000 0.000000 1.000000 b_f1 0.000000 0.000000 1.000000
d_f1 0.000000 0.000000 1.000000 b_f1 0.000000 0.000000 1.000000
d_f1 0.000000 0.000000 1.000000 b_f1 0.000000 0.000000 1.000000
d_f1 0.000001 0.000000 1.000000 b_f1 0.000001 0.000000 1.000000
d_f1 0.266667 0.625000 0.169492 b_f1 0.266667 0.625000 0.169492
d_f1 0.001236 0.000619 1.000000 b_f1 0.001236 0.000619 1.000000
d_f1 0.024283 0.012291 1.000000 b_f1 0.024283 0.012291 1.000000
d_f1 0.000000 0.000000 1.000000 b_f1 0.000000 0.000000 1.000000
d_f1 0.210970 0.250000 0.182482 b_f1 0.210970 0.250000 0.182482
d_f1 0.000000 0.000000 1.000000 b_f1 0.000000 0.000000 1.000000
d_f1 0.000001 0.000000 1.000000 b_f1 0.000001 0.000000 1.000000
d_f1 0.013983 0.007041 1.000000 b_f1 0.449275 0.289720 1.000000
d_f1 0.000000 0.000000 1.000000 b_f1 0.000000 0.000000 1.000000
d_f1 0.897959 0.956522 0.846154 b_f1 0.897959 0.956522 0.846154
d_f1 0.044983 0.023009 1.000000 b_f1 0.044983 0.023009 1.000000
d_f1 1.000000 1.000000 1.000000 b_f1 1.000000 1.000000 1.000000
d_f1 0.006603 0.003312 1.000000 b_f1 0.006747 0.003385 1.000000
d_f1 0.842105 0.727273 1.000000 b_f1 0.842105 0.727273 1.000000
d_f1 0.000000 0.000000 1.000000 b_f1 0.000000 0.000000 1.000000
d_f1 0.021053 0.010638 1.000000 b_f1 0.021053 0.010638 1.000000
d_f1 0.088235 0.046154 1.000000 b_f1 0.088235 0.046154 1.000000
d_f1 0.036533 0.018718 0.758065 b_f1 0.045943 0.023512 1.000000
d_f1 0.028436 0.014599 0.545455 b_f1 0.028436 0.014599 0.545455
d_f1 0.092105 0.050602 0.512195 b_f1 0.537037 0.432836 0.707317
d_f1 0.021318 0.010774 1.000000 b_f1 0.681818 0.681818 0.681818
d_f1 0.010333 0.005193 1.000000 b_f1 0.014656 0.007450 0.448276
d_f1 0.017699 0.009002 0.521739 b_f1 0.017699 0.009002 0.521739
d_f1 0.000000 0.000000 1.000000 b_f1 0.000000 0.000000 1.000000
d_f1 0.966443 0.935065 1.000000 b_f1 0.966443 0.935065 1.000000
d_f1 0.296296 0.571429 0.200000 b_f1 0.296296 0.571429 0.200000
d_f1 0.470588 0.727273 0.347826 b_f1 0.673077 0.603448 0.760870
d_f1 0.063433 0.032755 1.000000 b_f1 0.894737 0.809524 1.000000
d_f1 0.266667 0.238095 0.303030 b_f1 0.266667 0.238095 0.303030
d_f1 0.081941 0.042721 1.000000 b_f1 0.998043 0.996094 1.000000
d_f1 0.000000 0.000000 1.000000 b_f1 0.000000 0.000000 1.000000
d_f1 0.000000 0.000000 1.000000 b_f1 0.000000 0.000000 1.000000
d_f1 0.007732 0.003881 1.000000 b_f1 0.009698 0.004873 1.000000
d_f1 0.262295 0.470588 0.181818 b_f1 0.262295 0.470588 0.181818
d_f1 0.118196 0.062810 1.000000 b_f1 0.144762 0.078029 1.000000
d_f1 0.183953 0.113801 0.479592 b_f1 0.620690 0.957447 0.459184
d_f1 0.552486 0.657895 0.476190 b_f1 0.642487 0.704545 0.590476
d_f1 0.109091 0.057692 1.000000 b_f1 0.416452 0.262987 1.000000
d_f1 0.000000 0.000000 1.000000 b_f1 0.000000 0.000000 1.000000
d_f1 0.000000 0.000000 1.000000 b_f1 0.000000 0.000000 1.000000
d_f1 0.006408 0.003214 1.000000 b_f1 0.012910 0.006497 1.000000
d_f1 0.000000 0.000000 1.000000 b_f1 0.000000 0.000000 1.000000
d_f1 0.631579 0.461539 1.000000 b_f1 0.631579 0.461539 1.000000
d_f1 0.520548 0.760000 0.395833 b_f1 0.520548 0.760000 0.395833
d_f1 0.000000 0.000000 1.000000 b_f1 0.000000 0.000000 1.000000
d_f1 0.666667 0.500000 1.000000 b_f1 0.666667 0.500000 1.000000
d_f1 0.151515 0.088757 0.517241 b_f1 0.151515 0.088757 0.517241
d_f1 0.001829 0.000915 1.000000 b_f1 0.001829 0.000915 1.000000
d_f1 0.000000 0.000000 1.000000 b_f1 0.000000 0.000000 1.000000
d_f1 0.000000 0.000000 1.000000 b_f1 0.000000 0.000000 1.000000
d_f1 0.179641 0.234375 0.145631 b_f1 0.179641 0.234375 0.145631
d_f1 0.000000 0.000000 1.000000 b_f1 0.000000 0.000000 1.000000
d_f1 0.876404 1.000000 0.780000 b_f1 0.876404 1.000000 0.780000
d_f1 0.160714 0.091650 0.652174 b_f1 0.497238 0.401786 0.652174
d_f1 0.000001 0.000000 1.000000 b_f1 0.000001 0.000000 1.000000
d_f1 0.405797 0.341463 0.500000 b_f1 0.405797 0.341463 0.500000
d_f1 0.000000 0.000000 1.000000 b_f1 0.000000 0.000000 1.000000
d_f1 0.007584 0.003807 1.000000 b_f1 0.007584 0.003807 1.000000
d_f1 0.008095 0.004064 1.000000 b_f1 0.011196 0.005629 1.000000
d_f1 0.040230 0.020528 1.000000 b_f1 0.461538 0.500000 0.428571
d_f1 0.717949 0.736842 0.700000 b_f1 0.717949 0.736842 0.700000
d_f1 0.307692 0.181818 1.000000 b_f1 0.307692 0.181818 1.000000
d_f1 0.040176 0.020860 0.542373 b_f1 0.151300 0.087912 0.542373
d_f1 0.000000 0.000000 1.000000 b_f1 0.000000 0.000000 1.000000
d_f1 0.007294 0.003660 1.000000 b_f1 0.007294 0.003660 1.000000
d_f1 0.054638 0.028086 1.000000 b_f1 0.065599 0.033912 1.000000
d_f1 0.904268 0.882883 0.926714 b_f1 0.961963 1.000000 0.926714
d_f1 0.297872 0.192661 0.656250 b_f1 0.686792 0.664234 0.710938
d_f1 0.000000 0.000000 1.000000 b_f1 0.000000 0.000000 1.000000
d_f1 0.000000 0.000000 1.000000 b_f1 0.000000 0.000000 1.000000
d_f1 0.006889 0.003456 1.000000 b_f1 0.006889 0.003456 1.000000
d_f1 0.000000 0.000000 1.000000 b_f1 0.000000 0.000000 1.000000
d_f1 0.317460 0.312500 0.322581 b_f1 0.317460 0.312500 0.322581
d_f1 0.000000 0.000000 1.000000 b_f1 0.000000 0.000000 1.000000
d_f1 0.287908 0.168161 1.000000 b_f1 0.697674 0.535714 1.000000
d_f1 0.200000 0.159091 0.269231 b_f1 0.200000 0.159091 0.269231
d_f1 0.272727 0.562500 0.180000 b_f1 0.272727 0.562500 0.180000
d_f1 0.026779 0.013738 0.527778 b_f1 0.026779 0.013738 0.527778
d_f1 0.942529 0.953488 0.931818 b_f1 0.953488 0.976190 0.931818
d_f1 0.044061 0.022527 1.000000 b_f1 0.532110 0.828571 0.391892
d_f1 0.797037 0.822630 0.772989 b_f1 0.800000 0.911765 0.712644
d_f1 0.400000 0.250000 1.000000 b_f1 0.463415 0.301587 1.000000
d_f1 0.027528 0.014180 0.469388 b_f1 0.151515 0.120482 0.204082
d_f1 0.915254 0.843750 1.000000 b_f1 0.915254 0.843750 1.000000
d_f1 0.117137 0.066176 0.509434 b_f1 0.217659 0.122120 1.000000
d_f1 0.052117 0.027682 0.444444 b_f1 0.052117 0.027682 0.444444
d_f1 0.021574 0.010905 1.000000 b_f1 0.132678 0.071053 1.000000
d_f1 0.516854 0.851852 0.370968 b_f1 0.516854 0.851852 0.370968
d_f1 0.000000 0.000000 1.000000 b_f1 0.000000 0.000000 1.000000
d_f1 0.000000 0.000000 1.000000 b_f1 0.000000 0.000000 1.000000
d_f1 0.973180 0.947761 1.000000 b_f1 0.973180 0.947761 1.000000
d_f1 0.000000 0.000000 1.000000 b_f1 0.000000 0.000000 1.000000
d_f1 0.000000 0.000000 1.000000 b_f1 0.000000 0.000000 1.000000
d_f1 0.812500 0.684211 1.000000 b_f1 0.812500 0.684211 1.000000
d_f1 0.102041 0.057471 0.454545 b_f1 0.102041 0.057471 0.454545
d_f1 0.425532 0.588235 0.333333 b_f1 0.425532 0.588235 0.333333
d_f1 0.000000 0.000000 1.000000 b_f1 0.000000 0.000000 1.000000
d_f1 0.079745 0.094340 0.069061 b_f1 0.122249 0.531915 0.069061
d_f1 0.940299 0.887324 1.000000 b_f1 0.940299 0.887324 1.000000
d_f1 0.601504 0.714286 0.519481 b_f1 0.655738 0.888889 0.519481
d_f1 0.000000 0.000000 1.000000 b_f1 0.000000 0.000000 1.000000
d_f1 0.850829 1.000000 0.740385 b_f1 0.858447 0.817391 0.903846
d_f1 0.734694 0.782609 0.692308 b_f1 0.734694 0.782609 0.692308
d_f1 0.126126 0.083832 0.254545 b_f1 0.126126 0.083832 0.254545
d_f1 0.871053 0.996988 0.773364 b_f1 0.932393 0.997338 0.875389
d_f1 0.097680 0.051616 0.907970 b_f1 0.235979 0.135816 0.898932
d_f1 0.755556 0.653846 0.894737 b_f1 0.755556 0.653846 0.894737
d_f1 0.297647 0.181895 0.818528 b_f1 0.832408 0.998225 0.713832
d_f1 0.450669 0.354139 0.619540 b_f1 0.743590 0.792969 0.700000
d_f1 0.217588 0.697674 0.128894 b_f1 0.217588 0.697674 0.128894
d_f1 0.042553 0.333333 0.022727 b_f1 0.042553 0.333333 0.022727
d_f1 0.991803 0.983740 1.000000 b_f1 0.991803 0.983740 1.000000
d_f1 0.447059 0.463415 0.431818 b_f1 0.447059 0.463415 0.431818
d_f1 0.008004 0.004024 0.732394 b_f1 0.009628 0.004993 0.133803
d_f1 0.315790 0.187500 1.000000 b_f1 0.315790 0.187500 1.000000
d_f1 0.307692 0.187075 0.866142 b_f1 0.841202 0.924528 0.771654
d_f1 0.986111 0.972603 1.000000 b_f1 0.986111 0.972603 1.000000
d_f1 0.018927 0.009677 0.428572 b_f1 0.018927 0.009677 0.428572
d_f1 0.684211 0.553191 0.896552 b_f1 0.684211 0.553191 0.896552
d_f1 0.592513 0.599567 0.585624 b_f1 0.738667 1.000000 0.585624
d_f1 0.800000 0.811321 0.788991 b_f1 0.800000 0.811321 0.788991
d_f1 0.993377 0.986842 1.000000 b_f1 0.993377 0.986842 1.000000
d_f1 0.000001 0.000000 1.000000 b_f1 0.000001 0.000000 1.000000
d_f1 0.857143 0.750000 1.000000 b_f1 0.857143 0.750000 1.000000
d_f1 0.452055 0.510836 0.405405 b_f1 0.521498 0.598726 0.461916
d_f1 0.101518 0.058338 0.390723 b_f1 0.101518 0.058338 0.390723
d_f1 0.132124 0.095327 0.215190 b_f1 0.132124 0.095327 0.215190
d_f1 0.766917 0.645570 0.944444 b_f1 0.871287 0.936170 0.814815
d_f1 0.857143 1.000000 0.750000 b_f1 0.857143 1.000000 0.750000
d_f1 0.666667 0.500000 1.000000 b_f1 0.666667 0.500000 1.000000
d_f1 1.000000 1.000000 1.000000 b_f1 1.000000 1.000000 1.000000
d_f1 0.074523 0.038703 1.000000 b_f1 0.107902 0.057315 0.919220
d_f1 0.867925 0.851852 0.884615 b_f1 0.867925 0.851852 0.884615
d_f1 0.021945 0.011107 0.905724 b_f1 0.022365 0.011323 0.905724
d_f1 0.245011 0.148721 0.694969 b_f1 0.733078 0.617204 0.902516
d_f1 0.192327 0.119975 0.484519 b_f1 0.480412 0.428618 0.546444
d_f1 0.473684 0.450000 0.500000 b_f1 0.473684 0.450000 0.500000
d_f1 0.515103 0.695279 0.409091 b_f1 0.515103 0.695279 0.409091
d_f1 0.082759 0.044118 0.666667 b_f1 0.082759 0.044118 0.666667
d_f1 0.092473 0.057951 0.228723 b_f1 0.201681 0.213018 0.191489
d_f1 0.727273 1.000000 0.571429 b_f1 0.727273 1.000000 0.571429
d_f1 0.293923 0.272839 0.318540 b_f1 0.293923 0.272839 0.318540
d_f1 0.081510 0.042486 1.000000 b_f1 0.195947 0.109709 0.915888
d_f1 0.023166 0.012097 0.272727 b_f1 0.023166 0.012097 0.272727
d_f1 0.821622 0.992167 0.701107 b_f1 0.824295 1.000000 0.701107
d_f1 0.000002 0.000001 1.000000 b_f1 0.000002 0.000001 1.000000
d_f1 0.612155 0.767313 0.509191 b_f1 0.692661 0.920732 0.555147
d_f1 0.914089 0.950000 0.880795 b_f1 0.921429 1.000000 0.854305
d_f1 0.795775 0.936464 0.691837 b_f1 0.795775 0.936464 0.691837
d_f1 0.005976 0.002997 1.000000 b_f1 0.005976 0.002997 1.000000
d_f1 0.663995 0.916272 0.520646 b_f1 0.663995 0.916272 0.520646
d_f1 0.005619 0.002829 0.409091 b_f1 0.006393 0.003245 0.212121
d_f1 0.354657 0.281844 0.478199 b_f1 0.354657 0.281844 0.478199
d_f1 0.000001 0.000000 1.000000 b_f1 0.000001 0.000000 1.000000
d_f1 0.027326 0.013852 1.000000 b_f1 0.027326 0.013852 1.000000
d_f1 0.320743 0.442971 0.251380 b_f1 0.393262 0.504717 0.322127
d_f1 0.708447 0.977444 0.555556 b_f1 0.755968 0.996503 0.608974
d_f1 0.015567 0.007845 1.000000 b_f1 0.015567 0.007845 1.000000
d_f1 0.365683 0.429593 0.318326 b_f1 0.447422 0.958261 0.291843
d_f1 0.869198 0.971698 0.786260 b_f1 0.872881 0.980952 0.786260
d_f1 0.000001 0.000000 1.000000 b_f1 0.000001 0.000000 1.000000
d_f1 1.000000 1.000000 1.000000 b_f1 1.000000 1.000000 1.000000
d_f1 0.057143 0.031250 0.333334 b_f1 0.057143 0.031250 0.333334
d_f1 0.000002 0.000001 1.000000 b_f1 0.000002 0.000001 1.000000
d_f1 0.149254 0.081967 0.833333 b_f1 0.149254 0.081967 0.833333
d_f1 0.013245 0.006711 0.500000 b_f1 0.013245 0.006711 0.500000
d_f1 0.005908 0.002963 1.000000 b_f1 0.005908 0.002963 1.000000
d_f1 0.002915 0.001460 1.000000 b_f1 0.002915 0.001460 1.000000
d_f1 1.000000 1.000000 1.000000 b_f1 1.000000 1.000000 1.000000
d_f1 0.054795 0.028169 1.000000 b_f1 0.054795 0.028169 1.000000
d_f1 1.000000 1.000000 1.000000 b_f1 1.000000 1.000000 1.000000
d_f1 0.000002 0.000001 1.000000 b_f1 0.000002 0.000001 1.000000
d_f1 0.136364 0.073171 1.000000 b_f1 0.136364 0.073171 1.000000
d_f1 0.000002 0.000001 1.000000 b_f1 0.000002 0.000001 1.000000
d_f1 0.139130 0.075472 0.888889 b_f1 0.800000 1.000000 0.666667
d_f1 1.000000 1.000000 1.000000 b_f1 1.000000 1.000000 1.000000
d_f1 0.193798 0.107296 1.000000 b_f1 0.193798 0.107296 1.000000
d_f1 0.000002 0.000001 1.000000 b_f1 0.000002 0.000001 1.000000
d_f1 0.250000 0.142857 1.000000 b_f1 0.250000 0.142857 1.000000
d_f1 0.017045 0.008596 1.000000 b_f1 0.017045 0.008596 1.000000
d_f1 0.041451 0.021277 0.800000 b_f1 0.041451 0.021277 0.800000
d_f1 0.018476 0.009346 0.800000 b_f1 0.018476 0.009346 0.800000
d_f1 0.657143 1.000000 0.489362 b_f1 0.657143 1.000000 0.489362
d_f1 1.000000 1.000000 1.000000 b_f1 1.000000 1.000000 1.000000
d_f1 0.038409 0.019580 1.000000 b_f1 0.045677 0.023372 1.000000
d_f1 0.002899 0.001451 1.000000 b_f1 0.002899 0.001451 1.000000
d_f1 0.000002 0.000001 1.000000 b_f1 0.000002 0.000001 1.000000
d_f1 0.850000 1.000000 0.739130 b_f1 0.850000 1.000000 0.739130
d_f1 0.338028 0.240000 0.571429 b_f1 0.338028 0.240000 0.571429
d_f1 0.218281 0.122699 0.987654 b_f1 0.218281 0.122699 0.987654
d_f1 0.206452 0.115108 1.000000 b_f1 0.206452 0.115108 1.000000
d_f1 1.000000 1.000000 1.000000 b_f1 1.000000 1.000000 1.000000
d_f1 0.023952 0.012121 1.000000 b_f1 0.023952 0.012121 1.000000
d_f1 0.041152 0.021008 1.000000 b_f1 0.043411 0.022222 0.933333
d_f1 0.022695 0.011478 1.000000 b_f1 0.022695 0.011478 1.000000
d_f1 0.632653 0.484375 0.911765 b_f1 0.632653 0.484375 0.911765
d_f1 0.048781 0.025000 1.000000 b_f1 0.048781 0.025000 1.000000
d_f1 1.000000 1.000000 1.000000 b_f1 1.000000 1.000000 1.000000
d_f1 0.011976 0.006042 0.666667 b_f1 0.011976 0.006042 0.666667
d_f1 0.000002 0.000001 1.000000 b_f1 0.000002 0.000001 1.000000
d_f1 0.005772 0.002894 1.000000 b_f1 0.005772 0.002894 1.000000
d_f1 0.978723 1.000000 0.958333 b_f1 0.978723 1.000000 0.958333
d_f1 0.000002 0.000001 1.000000 b_f1 0.000002 0.000001 1.000000
d_f1 1.000000 1.000000 1.000000 b_f1 1.000000 1.000000 1.000000
d_f1 0.110092 0.059406 0.750000 b_f1 0.110092 0.059406 0.750000
d_f1 0.031414 0.015957 1.000000 b_f1 0.031414 0.015957 1.000000
d_f1 0.049911 0.025641 0.933333 b_f1 0.066986 0.034739 0.933333
d_f1 0.049383 0.026667 0.333333 b_f1 0.049383 0.026667 0.333333
d_f1 0.169014 0.093385 0.888889 b_f1 0.197531 0.111111 0.888889
d_f1 0.005714 0.002865 1.000000 b_f1 0.005714 0.002865 1.000000
d_f1 0.025397 0.012862 1.000000 b_f1 0.025397 0.012862 1.000000
d_f1 0.037196 0.018950 1.000000 b_f1 0.152047 0.082278 1.000000
d_f1 0.000002 0.000001 1.000000 b_f1 0.000002 0.000001 1.000000
d_f1 0.019608 0.009901 1.000000 b_f1 0.019608 0.009901 1.000000
d_f1 0.000002 0.000001 1.000000 b_f1 0.000002 0.000001 1.000000
d_f1 0.625000 1.000000 0.454546 b_f1 0.625000 1.000000 0.454546
d_f1 0.020438 0.010324 1.000000 b_f1 0.021244 0.010736 1.000000
d_f1 0.333334 0.500000 0.250000 b_f1 0.333334 0.500000 0.250000
d_f1 1.000000 1.000000 1.000000 b_f1 1.000000 1.000000 1.000000
d_f1 0.000002 0.000001 1.000000 b_f1 0.000002 0.000001 1.000000
d_f1 0.875000 1.000000 0.777778 b_f1 0.875000 1.000000 0.777778
d_f1 0.022222 0.011236 1.000000 b_f1 0.022535 0.011396 1.000000
d_f1 0.014778 0.007463 0.750000 b_f1 0.014778 0.007463 0.750000
d_f1 0.125000 0.068571 0.705882 b_f1 0.125000 0.068571 0.705882
d_f1 1.000000 1.000000 1.000000 b_f1 1.000000 1.000000 1.000000
d_f1 1.000000 1.000000 1.000000 b_f1 1.000000 1.000000 1.000000
d_f1 0.272040 0.157664 0.990826 b_f1 0.276215 0.160475 0.990826
d_f1 0.022284 0.011268 1.000000 b_f1 0.022284 0.011268 1.000000
d_f1 0.005739 0.002878 1.000000 b_f1 0.005739 0.002878 1.000000
d_f1 0.003289 0.001647 1.000000 b_f1 0.003289 0.001647 1.000000
d_f1 0.003546 0.001776 1.000000 b_f1 0.003546 0.001776 1.000000
d_f1 1.000000 1.000000 1.000000 b_f1 1.000000 1.000000 1.000000
d_f1 0.044776 0.022901 1.000000 b_f1 0.044776 0.022901 1.000000
d_f1 0.005789 0.002903 1.000000 b_f1 0.005789 0.002903 1.000000
d_f1 0.011494 0.005780 1.000000 b_f1 0.011494 0.005780 1.000000
d_f1 1.000000 1.000000 1.000000 b_f1 1.000000 1.000000 1.000000
d_f1 0.014706 0.007407 1.000000 b_f1 0.014706 0.007407 1.000000
d_f1 0.005747 0.002882 1.000000 b_f1 0.005747 0.002882 1.000000
d_f1 0.200000 0.111111 1.000000 b_f1 0.200000 0.111111 1.000000
d_f1 0.014760 0.007435 1.000000 b_f1 0.014760 0.007435 1.000000
d_f1 0.012903 0.006494 1.000000 b_f1 0.012903 0.006494 1.000000
d_f1 0.008621 0.004329 1.000000 b_f1 0.008621 0.004329 1.000000
d_f1 0.007519 0.003774 1.000000 b_f1 0.007519 0.003774 1.000000
d_f1 0.004494 0.002252 1.000000 b_f1 0.004494 0.002252 1.000000
d_f1 1.000000 1.000000 1.000000 b_f1 1.000000 1.000000 1.000000
d_f1 0.009615 0.004831 1.000000 b_f1 0.009615 0.004831 1.000000
d_f1 0.004662 0.002336 1.000000 b_f1 0.004662 0.002336 1.000000
d_f1 0.008949 0.004494 1.000000 b_f1 0.008949 0.004494 1.000000
d_f1 0.021583 0.010909 1.000000 b_f1 0.021583 0.010909 1.000000
d_f1 0.006612 0.003317 1.000000 b_f1 0.006612 0.003317 1.000000
d_f1 0.666667 0.500000 1.000000 b_f1 0.666667 0.500000 1.000000
d_f1 0.004073 0.002041 1.000000 b_f1 0.004073 0.002041 1.000000
d_f1 0.008608 0.004323 1.000000 b_f1 0.008608 0.004323 1.000000
d_f1 0.014151 0.007126 1.000000 b_f1 0.014151 0.007126 1.000000
d_f1 0.003008 0.001506 1.000000 b_f1 0.003008 0.001506 1.000000
d_f1 1.000000 1.000000 1.000000 b_f1 1.000000 1.000000 1.000000
d_f1 0.008715 0.004376 1.000000 b_f1 0.008715 0.004376 1.000000
d_f1 1.000000 1.000000 1.000000 b_f1 1.000000 1.000000 1.000000
d_f1 0.006240 0.003130 1.000000 b_f1 0.006240 0.003130 1.000000
d_f1 1.000000 1.000000 1.000000 b_f1 1.000000 1.000000 1.000000
d_f1 0.008608 0.004323 1.000000 b_f1 0.008608 0.004323 1.000000
d_f1 0.004255 0.002132 1.000000 b_f1 0.004255 0.002132 1.000000
d_f1 0.007092 0.003559 1.000000 b_f1 0.007092 0.003559 1.000000
d_f1 0.008671 0.004354 1.000000 b_f1 0.008671 0.004354 1.000000
d_f1 0.013699 0.006897 1.000000 b_f1 0.013699 0.006897 1.000000
d_f1 0.003610 0.001808 1.000000 b_f1 0.003610 0.001808 1.000000
d_f1 0.016304 0.008219 1.000000 b_f1 0.016304 0.008219 1.000000
d_f1 0.008114 0.004073 1.000000 b_f1 0.008114 0.004073 1.000000
d_f1 0.008785 0.004412 1.000000 b_f1 0.008785 0.004412 1.000000
d_f1 0.020408 0.010309 1.000000 b_f1 0.020408 0.010309 1.000000
d_f1 0.025641 0.012987 1.000000 b_f1 0.025641 0.012987 1.000000
d_f1 0.005089 0.002551 1.000000 b_f1 0.005089 0.002551 1.000000
d_f1 0.023715 0.012000 1.000000 b_f1 0.023715 0.012000 1.000000
d_f1 0.008596 0.004317 1.000000 b_f1 0.008596 0.004317 1.000000
d_f1 1.000000 1.000000 1.000000 b_f1 1.000000 1.000000 1.000000
d_f1 0.007194 0.003610 1.000000 b_f1 0.007194 0.003610 1.000000
d_f1 0.008608 0.004323 1.000000 b_f1 0.008608 0.004323 1.000000
d_f1 0.006568 0.003295 1.000000 b_f1 0.006568 0.003295 1.000000
d_f1 0.004640 0.002326 1.000000 b_f1 0.004640 0.002326 1.000000
d_f1 0.012072 0.006073 1.000000 b_f1 0.012072 0.006073 1.000000
d_f1 0.012945 0.006515 1.000000 b_f1 0.012945 0.006515 1.000000
d_f1 0.006920 0.003472 1.000000 b_f1 0.006920 0.003472 1.000000
d_f1 0.006462 0.003241 1.000000 b_f1 0.006462 0.003241 1.000000
d_f1 0.007018 0.003521 1.000000 b_f1 0.007018 0.003521 1.000000
d_f1 0.004149 0.002079 1.000000 b_f1 0.004149 0.002079 1.000000
d_f1 0.003413 0.001709 1.000000 b_f1 0.003413 0.001709 1.000000
d_f1 1.000000 1.000000 1.000000 b_f1 1.000000 1.000000 1.000000
d_f1 0.015038 0.007576 1.000000 b_f1 0.015038 0.007576 1.000000
d_f1 0.003711 0.001859 1.000000 b_f1 0.003711 0.001859 1.000000
d_f1 0.007067 0.003546 1.000000 b_f1 0.007067 0.003546 1.000000
d_f1 0.008608 0.004323 1.000000 b_f1 0.008608 0.004323 1.000000
d_f1 0.007605 0.003817 1.000000 b_f1 0.007605 0.003817 1.000000
d_f1 0.005747 0.002882 1.000000 b_f1 0.005747 0.002882 1.000000
d_f1 0.010169 0.005111 1.000000 b_f1 0.010169 0.005111 1.000000
d_f1 1.000000 1.000000 1.000000 b_f1 1.000000 1.000000 1.000000
d_f1 0.003175 0.001590 1.000000 b_f1 0.003175 0.001590 1.000000
d_f1 0.005747 0.002882 1.000000 b_f1 0.005747 0.002882 1.000000
d_f1 0.003086 0.001546 1.000000 b_f1 0.003086 0.001546 1.000000
d_f1 0.012552 0.006316 1.000000 b_f1 0.012552 0.006316 1.000000
d_f1 0.008511 0.004274 1.000000 b_f1 0.008511 0.004274 1.000000
d_f1 0.012195 0.006135 1.000000 b_f1 0.012195 0.006135 1.000000
d_f1 0.013158 0.006623 1.000000 b_f1 0.013158 0.006623 1.000000
d_f1 1.000000 1.000000 1.000000 b_f1 1.000000 1.000000 1.000000
d_f1 0.003040 0.001522 1.000000 b_f1 0.003040 0.001522 1.000000
d_f1 0.005764 0.002890 1.000000 b_f1 0.005764 0.002890 1.000000
d_f1 0.003252 0.001629 1.000000 b_f1 0.003252 0.001629 1.000000
d_f1 0.004808 0.002410 1.000000 b_f1 0.004808 0.002410 1.000000
d_f1 0.250000 0.142857 1.000000 b_f1 0.250000 0.142857 1.000000
d_f1 0.010676 0.005367 1.000000 b_f1 0.010676 0.005367 1.000000
d_f1 0.007605 0.003817 1.000000 b_f1 0.007605 0.003817 1.000000
d_f1 0.009975 0.005013 1.000000 b_f1 0.009975 0.005013 1.000000
d_f1 0.012793 0.006438 1.000000 b_f1 0.012793 0.006438 1.000000
d_f1 1.000000 1.000000 1.000000 b_f1 1.000000 1.000000 1.000000
d_f1 0.004202 0.002105 1.000000 b_f1 0.004202 0.002105 1.000000
d_f1 0.006700 0.003361 1.000000 b_f1 0.006700 0.003361 1.000000
d_f1 0.004367 0.002188 1.000000 b_f1 0.004367 0.002188 1.000000
d_f1 0.006309 0.003165 1.000000 b_f1 0.006309 0.003165 1.000000
d_f1 0.008621 0.004329 1.000000 b_f1 0.008621 0.004329 1.000000
d_f1 0.003040 0.001522 1.000000 b_f1 0.003040 0.001522 1.000000
d_f1 0.008889 0.004464 1.000000 b_f1 0.008889 0.004464 1.000000
d_f1 1.000000 1.000000 1.000000 b_f1 1.000000 1.000000 1.000000
d_f1 0.003448 0.001727 1.000000 b_f1 0.003448 0.001727 1.000000
d_f1 0.008915 0.004478 1.000000 b_f1 0.008915 0.004478 1.000000
d_f1 0.008608 0.004323 1.000000 b_f1 0.008608 0.004323 1.000000
d_f1 0.003035 0.001520 1.000000 b_f1 0.003035 0.001520 1.000000
d_f1 0.005822 0.002920 1.000000 b_f1 0.005822 0.002920 1.000000
d_f1 0.008621 0.004329 1.000000 b_f1 0.008621 0.004329 1.000000
d_f1 0.003738 0.001873 1.000000 b_f1 0.003738 0.001873 1.000000
d_f1 0.014440 0.007273 1.000000 b_f1 0.014440 0.007273 1.000000
d_f1 0.019499 0.009845 1.000000 b_f1 0.019499 0.009845 1.000000
d_f1 0.002841 0.001422 1.000000 b_f1 0.002841 0.001422 1.000000
d_f1 0.060606 0.031250 1.000000 b_f1 0.060606 0.031250 1.000000
d_f1 0.666667 1.000000 0.500000 b_f1 0.666667 1.000000 0.500000
d_f1 0.025751 0.013333 0.375000 b_f1 0.025751 0.013333 0.375000
d_f1 0.004837 0.002424 1.000000 b_f1 0.004837 0.002424 1.000000
d_f1 0.015038 0.007752 0.250000 b_f1 0.015038 0.007752 0.250000
d_f1 0.013937 0.007042 0.666667 b_f1 0.013937 0.007042 0.666667
d_f1 0.014440 0.007273 1.000000 b_f1 0.014440 0.007273 1.000000
d_f1 0.750000 0.750000 0.750000 b_f1 0.750000 0.750000 0.750000
d_f1 0.027778 0.014706 0.250000 b_f1 0.027778 0.014706 0.250000
d_f1 0.600000 1.000000 0.428572 b_f1 0.600000 1.000000 0.428572
d_f1 0.019208 0.009697 1.000000 b_f1 0.019208 0.009697 1.000000
d_f1 0.023952 0.012121 1.000000 b_f1 0.023952 0.012121 1.000000
d_f1 0.666667 1.000000 0.500000 b_f1 0.666667 1.000000 0.500000
d_f1 0.004292 0.002151 1.000000 b_f1 0.004292 0.002151 1.000000
d_f1 0.007194 0.003610 1.000000 b_f1 0.007194 0.003610 1.000000
d_f1 0.013423 0.006757 1.000000 b_f1 0.013423 0.006757 1.000000
d_f1 0.007435 0.003731 1.000000 b_f1 0.007435 0.003731 1.000000
d_f1 0.005242 0.002628 1.000000 b_f1 0.005242 0.002628 1.000000
d_f1 0.019208 0.009697 1.000000 b_f1 0.019208 0.009697 1.000000
d_f1 0.003205 0.001605 1.000000 b_f1 0.003205 0.001605 1.000000
d_f1 0.012063 0.006068 1.000000 b_f1 0.012063 0.006068 1.000000
d_f1 0.222222 0.500000 0.142857 b_f1 0.222222 0.500000 0.142857
d_f1 0.021148 0.010687 1.000000 b_f1 0.021148 0.010687 1.000000
d_f1 1.000000 1.000000 1.000000 b_f1 1.000000 1.000000 1.000000
d_f1 0.007246 0.003636 1.000000 b_f1 0.007246 0.003636 1.000000
d_f1 0.002535 0.001269 1.000000 b_f1 0.002535 0.001269 1.000000
d_f1 0.009901 0.004975 1.000000 b_f1 0.009901 0.004975 1.000000
d_f1 0.750000 1.000000 0.600000 b_f1 0.750000 1.000000 0.600000
d_f1 0.014742 0.007426 1.000000 b_f1 0.014742 0.007426 1.000000
d_f1 0.014815 0.007519 0.500000 b_f1 0.014815 0.007519 0.500000
d_f1 0.021583 0.010909 1.000000 b_f1 0.021583 0.010909 1.000000
d_f1 0.016827 0.008485 1.000000 b_f1 0.016827 0.008485 1.000000
d_f1 0.010811 0.005435 1.000000 b_f1 0.010811 0.005435 1.000000
d_f1 0.024938 0.012626 1.000000 b_f1 0.024938 0.012626 1.000000
d_f1 0.003300 0.001653 1.000000 b_f1 0.003300 0.001653 1.000000
d_f1 0.285714 1.000000 0.166667 b_f1 0.285714 1.000000 0.166667
d_f1 0.016000 0.008086 0.750000 b_f1 0.016000 0.008086 0.750000
d_f1 0.009674 0.004860 1.000000 b_f1 0.009674 0.004860 1.000000
d_f1 0.019208 0.009697 1.000000 b_f1 0.019208 0.009697 1.000000
d_f1 0.012048 0.006061 1.000000 b_f1 0.012048 0.006061 1.000000
d_f1 0.021583 0.010909 1.000000 b_f1 0.021583 0.010909 1.000000
d_f1 0.014085 0.007117 0.666667 b_f1 0.014085 0.007117 0.666667
d_f1 0.500000 0.666667 0.400000 b_f1 0.500000 0.666667 0.400000
d_f1 0.006791 0.003407 1.000000 b_f1 0.006791 0.003407 1.000000
d_f1 0.002535 0.001269 1.000000 b_f1 0.002535 0.001269 1.000000
d_f1 0.012579 0.006329 1.000000 b_f1 0.012579 0.006329 1.000000
d_f1 0.333334 1.000000 0.200000 b_f1 0.333334 1.000000 0.200000
d_f1 0.007472 0.003750 1.000000 b_f1 0.007472 0.003750 1.000000
d_f1 0.004837 0.002424 1.000000 b_f1 0.004837 0.002424 1.000000
d_f1 0.025370 0.012931 0.666667 b_f1 0.025370 0.012931 0.666667
d_f1 0.016827 0.008485 1.000000 b_f1 0.016827 0.008485 1.000000
d_f1 0.009259 0.004695 0.333334 b_f1 0.009259 0.004695 0.333334
d_f1 0.500000 1.000000 0.333334 b_f1 0.500000 1.000000 0.333334
d_f1 0.222222 0.333334 0.166667 b_f1 0.222222 0.333334 0.166667
d_f1 0.333333 0.666667 0.222222 b_f1 0.333333 0.666667 0.222222
d_f1 0.088889 0.051282 0.333333 b_f1 0.088889 0.051282 0.333333
d_f1 0.009697 0.004872 1.000000 b_f1 0.009697 0.004872 1.000000
d_f1 0.166667 0.125000 0.250000 b_f1 0.166667 0.125000 0.250000
d_f1 0.250000 0.500000 0.166667 b_f1 0.250000 0.500000 0.166667
d_f1 0.010582 0.005319 1.000000 b_f1 0.010582 0.005319 1.000000
d_f1 0.222222 0.500000 0.142857 b_f1 0.222222 0.500000 0.142857
d_f1 0.010471 0.005291 0.500000 b_f1 0.010471 0.005291 0.500000
d_f1 0.035714 0.019231 0.250000 b_f1 0.035714 0.019231 0.250000
d_f1 0.021978 0.011299 0.400000 b_f1 0.021978 0.011299 0.400000
d_f1 0.002535 0.001269 1.000000 b_f1 0.002535 0.001269 1.000000
d_f1 0.000002 0.000001 1.000000 b_f1 0.000002 0.000001 1.000000
d_f1 0.029630 0.015748 0.250000 b_f1 0.029630 0.015748 0.250000
d_f1 0.012048 0.006061 1.000000 b_f1 0.012048 0.006061 1.000000
d_f1 0.007246 0.003636 1.000000 b_f1 0.007246 0.003636 1.000000
d_f1 0.012300 0.006188 1.000000 b_f1 0.012300 0.006188 1.000000
d_f1 0.017478 0.008816 1.000000 b_f1 0.017478 0.008816 1.000000
d_f1 0.166667 0.166667 0.166667 b_f1 0.166667 0.166667 0.166667
d_f1 0.021583 0.010909 1.000000 b_f1 0.021583 0.010909 1.000000
d_f1 0.285714 1.000000 0.166667 b_f1 0.285714 1.000000 0.166667
d_f1 0.007246 0.003636 1.000000 b_f1 0.007246 0.003636 1.000000
d_f1 0.012469 0.006274 1.000000 b_f1 0.012469 0.006274 1.000000
d_f1 0.009650 0.004848 1.000000 b_f1 0.009650 0.004848 1.000000
d_f1 0.571429 1.000000 0.400000 b_f1 0.571429 1.000000 0.400000
d_f1 0.014545 0.007326 1.000000 b_f1 0.014545 0.007326 1.000000
d_f1 0.054795 0.029412 0.400000 b_f1 0.054795 0.029412 0.400000
d_f1 0.009650 0.004848 1.000000 b_f1 0.009650 0.004848 1.000000
d_f1 0.200000 0.166667 0.250000 b_f1 0.200000 0.166667 0.250000
d_f1 0.021583 0.010909 1.000000 b_f1 0.021583 0.010909 1.000000
d_f1 0.181818 0.333334 0.125000 b_f1 0.181818 0.333334 0.125000
d_f1 0.019975 0.010088 1.000000 b_f1 0.019975 0.010088 1.000000
d_f1 0.181818 0.500000 0.111111 b_f1 0.181818 0.500000 0.111111
d_f1 0.015296 0.007707 1.000000 b_f1 0.015296 0.007707 1.000000
d_f1 0.006240 0.003130 1.000000 b_f1 0.006240 0.003130 1.000000
d_f1 0.004454 0.002232 1.000000 b_f1 0.004454 0.002232 1.000000
d_f1 0.004837 0.002424 1.000000 b_f1 0.004837 0.002424 1.000000
d_f1 0.015873 0.008065 0.500000 b_f1 0.015873 0.008065 0.500000
d_f1 0.026846 0.014184 0.250000 b_f1 0.026846 0.014184 0.250000
d_f1 0.200000 0.500000 0.125000 b_f1 0.200000 0.500000 0.125000
d_f1 0.009479 0.004773 0.666667 b_f1 0.009479 0.004773 0.666667
d_f1 0.009650 0.004848 1.000000 b_f1 0.009650 0.004848 1.000000
d_f1 0.012048 0.006061 1.000000 b_f1 0.012048 0.006061 1.000000
d_f1 0.019208 0.009697 1.000000 b_f1 0.019208 0.009697 1.000000
d_f1 0.013841 0.007018 0.500000 b_f1 0.013841 0.007018 0.500000
d_f1 0.016827 0.008485 1.000000 b_f1 0.016827 0.008485 1.000000
d_f1 0.014545 0.007326 1.000000 b_f1 0.014545 0.007326 1.000000
d_f1 0.016827 0.008485 1.000000 b_f1 0.016827 0.008485 1.000000
d_f1 0.666667 1.000000 0.500000 b_f1 0.666667 1.000000 0.500000
d_f1 0.014458 0.007282 1.000000 b_f1 0.014458 0.007282 1.000000
d_f1 0.010582 0.005319 1.000000 b_f1 0.010582 0.005319 1.000000
d_f1 0.004149 0.002079 1.000000 b_f1 0.004149 0.002079 1.000000
d_f1 0.021818 0.011029 1.000000 b_f1 0.021818 0.011029 1.000000
d_f1 0.016807 0.008850 0.166667 b_f1 0.016807 0.008850 0.166667
d_f1 0.012195 0.006135 1.000000 b_f1 0.012195 0.006135 1.000000
d_f1 0.022989 0.012346 0.166667 b_f1 0.022989 0.012346 0.166667
d_f1 0.004535 0.002273 1.000000 b_f1 0.004535 0.002273 1.000000
d_f1 0.016847 0.008495 1.000000 b_f1 0.016847 0.008495 1.000000
d_f1 0.009217 0.004651 0.500000 b_f1 0.009217 0.004651 0.500000
d_f1 0.002436 0.001220 1.000000 b_f1 0.002436 0.001220 1.000000
d_f1 0.009650 0.004848 1.000000 b_f1 0.009650 0.004848 1.000000
d_f1 0.007828 0.003929 1.000000 b_f1 0.007828 0.003929 1.000000
d_f1 0.003210 0.001608 1.000000 b_f1 0.003210 0.001608 1.000000
d_f1 0.000002 0.000001 1.000000 b_f1 0.000002 0.000001 1.000000
d_f1 0.019208 0.009697 1.000000 b_f1 0.019208 0.009697 1.000000
d_f1 0.002740 0.001372 1.000000 b_f1 0.002740 0.001372 1.000000
d_f1 0.013051 0.006568 1.000000 b_f1 0.013051 0.006568 1.000000
d_f1 0.333333 0.500000 0.250000 b_f1 0.333333 0.500000 0.250000
d_f1 0.004237 0.002123 1.000000 b_f1 0.004237 0.002123 1.000000
d_f1 0.002424 0.001214 1.000000 b_f1 0.002424 0.001214 1.000000
d_f1 0.013667 0.006912 0.600000 b_f1 0.013667 0.006912 0.600000
d_f1 0.002522 0.001263 1.000000 b_f1 0.002522 0.001263 1.000000
d_f1 0.004837 0.002424 1.000000 b_f1 0.004837 0.002424 1.000000
d_f1 0.055556 0.030303 0.333333 b_f1 0.055556 0.030303 0.333333
d_f1 0.500000 1.000000 0.333334 b_f1 0.500000 1.000000 0.333334
d_f1 0.006154 0.003086 1.000000 b_f1 0.006154 0.003086 1.000000
d_f1 0.021798 0.011080 0.666667 b_f1 0.021798 0.011080 0.666667
d_f1 0.014440 0.007273 1.000000 b_f1 0.014440 0.007273 1.000000
d_f1 0.400000 1.000000 0.250000 b_f1 0.400000 1.000000 0.250000
d_f1 0.055556 0.029412 0.500000 b_f1 0.055556 0.029412 0.500000
d_f1 0.007246 0.003636 1.000000 b_f1 0.007246 0.003636 1.000000
d_f1 0.021583 0.010909 1.000000 b_f1 0.021583 0.010909 1.000000
d_f1 0.009662 0.004854 1.000000 b_f1 0.009662 0.004854 1.000000
d_f1 0.000002 0.000001 1.000000 b_f1 0.000002 0.000001 1.000000
d_f1 0.026316 0.013333 1.000000 b_f1 0.026316 0.013333 1.000000
d_f1 0.002451 0.001227 1.000000 b_f1 0.002451 0.001227 1.000000
d_f1 0.012361 0.006219 1.000000 b_f1 0.012361 0.006219 1.000000
d_f1 0.008876 0.004458 1.000000 b_f1 0.008876 0.004458 1.000000
d_f1 0.011364 0.005814 0.250000 b_f1 0.011364 0.005814 0.250000
d_f1 0.004837 0.002424 1.000000 b_f1 0.004837 0.002424 1.000000
d_f1 0.002463 0.001233 1.000000 b_f1 0.002463 0.001233 1.000000
d_f1 0.166667 0.166667 0.166667 b_f1 0.166667 0.166667 0.166667
d_f1 0.009650 0.004848 1.000000 b_f1 0.009650 0.004848 1.000000
d_f1 0.004837 0.002424 1.000000 b_f1 0.004837 0.002424 1.000000
d_f1 0.004837 0.002424 1.000000 b_f1 0.004837 0.002424 1.000000
d_f1 0.005102 0.002558 1.000000 b_f1 0.005102 0.002558 1.000000
d_f1 0.009685 0.004866 1.000000 b_f1 0.009685 0.004866 1.000000
d_f1 0.004837 0.002424 1.000000 b_f1 0.004837 0.002424 1.000000
d_f1 0.016644 0.008392 1.000000 b_f1 0.016644 0.008392 1.000000
d_f1 0.500000 1.000000 0.333334 b_f1 0.500000 1.000000 0.333334
d_f1 0.005215 0.002614 1.000000 b_f1 0.005215 0.002614 1.000000
d_f1 0.021583 0.010909 1.000000 b_f1 0.021583 0.010909 1.000000
d_f1 0.017032 0.008589 1.000000 b_f1 0.017032 0.008589 1.000000
d_f1 0.200000 0.200000 0.200000 b_f1 0.200000 0.200000 0.200000
d_f1 0.007682 0.003856 1.000000 b_f1 0.007682 0.003856 1.000000
d_f1 0.005128 0.002577 0.500000 b_f1 0.005128 0.002577 0.500000
d_f1 0.461539 0.600000 0.375000 b_f1 0.461539 0.600000 0.375000
d_f1 0.014870 0.007491 1.000000 b_f1 0.014870 0.007491 1.000000
d_f1 0.014440 0.007286 0.800000 b_f1 0.014440 0.007286 0.800000
d_f1 0.010989 0.005556 0.500000 b_f1 0.010989 0.005556 0.500000
d_f1 0.012658 0.006369 1.000000 b_f1 0.012658 0.006369 1.000000
d_f1 0.105263 0.060606 0.400000 b_f1 0.105263 0.060606 0.400000
d_f1 0.011050 0.005556 1.000000 b_f1 0.011050 0.005556 1.000000
d_f1 0.017073 0.008610 1.000000 b_f1 0.017073 0.008610 1.000000
d_f1 0.074074 0.045455 0.200000 b_f1 0.074074 0.045455 0.200000
d_f1 0.005044 0.002528 1.000000 b_f1 0.005044 0.002528 1.000000
d_f1 0.003540 0.001773 1.000000 b_f1 0.003540 0.001773 1.000000
d_f1 0.006061 0.003040 1.000000 b_f1 0.006061 0.003040 1.000000
d_f1 0.133333 0.142857 0.125000 b_f1 0.133333 0.142857 0.125000
d_f1 0.090909 0.066667 0.142857 b_f1 0.090909 0.066667 0.142857
d_f1 0.004255 0.002132 1.000000 b_f1 0.004255 0.002132 1.000000
d_f1 0.019536 0.009864 1.000000 b_f1 0.019536 0.009864 1.000000
d_f1 0.014493 0.007299 1.000000 b_f1 0.014493 0.007299 1.000000
d_f1 0.024096 0.012346 0.500000 b_f1 0.024096 0.012346 0.500000
d_f1 1.000000 1.000000 1.000000 b_f1 1.000000 1.000000 1.000000
d_f1 0.010101 0.005102 0.500000 b_f1 0.010101 0.005102 0.500000
d_f1 0.007823 0.003927 1.000000 b_f1 0.007823 0.003927 1.000000
d_f1 0.010582 0.005319 1.000000 b_f1 0.010582 0.005319 1.000000
d_f1 0.500000 1.000000 0.333334 b_f1 0.500000 1.000000 0.333334
d_f1 0.016563 0.008368 0.800000 b_f1 0.016563 0.008368 0.800000
d_f1 0.014724 0.007417 1.000000 b_f1 0.014724 0.007417 1.000000
d_f1 0.005181 0.002597 1.000000 b_f1 0.005181 0.002597 1.000000
d_f1 0.003630 0.001818 1.000000 b_f1 0.003630 0.001818 1.000000
d_f1 0.012077 0.006075 1.000000 b_f1 0.012077 0.006075 1.000000
d_f1 0.014528 0.007317 1.000000 b_f1 0.014528 0.007317 1.000000
d_f1 0.222222 0.153846 0.400000 b_f1 0.222222 0.153846 0.400000
d_f1 0.002451 0.001227 1.000000 b_f1 0.002451 0.001227 1.000000
d_f1 0.333334 0.333334 0.333334 b_f1 0.333334 0.333334 0.333334
d_f1 0.036810 0.018987 0.600000 b_f1 0.036810 0.018987 0.600000
d_f1 0.050000 0.028571 0.200000 b_f1 0.050000 0.028571 0.200000
d_f1 0.002677 0.001340 1.000000 b_f1 0.002677 0.001340 1.000000
d_f1 0.285714 1.000000 0.166667 b_f1 0.285714 1.000000 0.166667
d_f1 0.015625 0.007874 1.000000 b_f1 0.015625 0.007874 1.000000
d_f1 0.005195 0.002604 1.000000 b_f1 0.005195 0.002604 1.000000
